../../.git/annex/objects/1f/qq/SHA256E-s34582--6dae4179f6d37900f5d27460441b9b20054546ed4fa211d74569cf06d5bf598a.csv/SHA256E-s34582--6dae4179f6d37900f5d27460441b9b20054546ed4fa211d74569cf06d5bf598a.csv